-98000.0 49.0
-88000.0 44.0
-90000.0 45.0
-92000.0 46.0
-94000.0 47.0
-96000.0 48.0
-86000.0 43.0
-84000.0 42.0
-82000.0 41.0
-80000.0 40.0
-78000.0 39.0
-76000.0 38.0
-74000.0 37.0
-72000.0 36.0
-70000.0 35.0
-68000.0 34.0
-66000.0 33.0
-64000.0 32.0
-62000.0 31.0
-60000.0 30.0
-58000.0 29.0
-56000.0 28.0
-54000.0 27.0
-52000.0 26.0
-50000.0 25.0
-48000.0 24.0
-46000.0 23.0
-44000.0 22.0
-42000.0 21.0
-36000.0 18.0
-16000.0 8.0
-24000.0 12.0
-40000.0 20.0
-20000.0 10.0
-38000.0 19.0
-22000.0 11.0
-26000.0 13.0
-34000.0 17.0
-18000.0 9.0
-30000.0 15.0
-32000.0 16.0
-28000.0 14.0
