-810.0 27.0
-1500.0 50.0
-1470.0 49.0
-1440.0 48.0
-1410.0 47.0
-1380.0 46.0
-1350.0 45.0
-1320.0 44.0
-1260.0 42.0
-1290.0 43.0
-1230.0 41.0
-1200.0 40.0
-1170.0 39.0
-1140.0 38.0
-1110.0 37.0
-1080.0 36.0
-1050.0 35.0
-1020.0 34.0
-990.0 33.0
-960.0 32.0
-930.0 31.0
-900.0 30.0
-870.0 29.0
-840.0 28.0
-780.0 26.0
-750.0 25.0
-720.0 24.0
-690.0 23.0
-660.0 22.0
-630.0 21.0
-600.0 20.0
-540.0 18.0
-240.0 8.0
-390.0 13.0
-480.0 16.0
-300.0 10.0
-510.0 17.0
-360.0 12.0
-330.0 11.0
-270.0 9.0
-450.0 15.0
-420.0 14.0
-570.0 19.0
